"Link"
"https://contextqa.com/ci-cd-pipeline-security-guide/"
"https://docs.gitlab.com/user/application_security/vulnerability_report/pipeline/"
"https://dzone.com/refcardz/continuous-delivery-pipeline-security-essentials"
"https://hackernoon.com/devsecops-deep-dive-cicd-pipeline-security"
"https://spectralops.io/blog/ci-cd-security-hardening/"
"https://www.aikido.dev/features/ci-cd-pipeline-security"
"https://www.armosec.io/securing-ci-cd-pipelines/"
"https://www.fortinet.com/blog/business-and-technology/ensuring-continuous-security-integration-for-devsecops"
"https://www.linkedin.com/advice/1/how-can-you-measure-effectiveness-your-cicd-pipeline-7mjqf"
"https://www.opsera.io/learn/devsecops-best-practices-for-ci-cd-pipeline-security"

